423974  6151447
424033  6150889
424092  6150331
424151  6149773
424209  6149216
424268  6148658
424327  6148100
424386  6147543
424534  6151447
424593  6150889
424652  6150331
424711  6149773
424770  6149216
424829  6148658
424888  6148100
424947  6147543
425094  6151447
425153  6150889
425212  6150331
425271  6149773
425330  6149216
425389  6148658
425448  6148100
425507  6147543
425654  6151447
425713  6150889
425772  6150331
425831  6149773
425890  6149216
425949  6148658
426009  6148100
426068  6147543
426214  6151447
426273  6150889
426332  6150331
426392  6149773
426451  6149216
426510  6148658
426569  6148100
426628  6147543
426774  6151447
426833  6150889
426893  6150331
426952  6149773
427011  6149216
427070  6148658
427130  6148100
427189  6147543
427334  6151447
427393  6150889
427453  6150331
427512  6149773
427571  6149216
427631  6148658
427690  6148100
427749  6147543
427894  6151447
427953  6150889
428013  6150331
428072  6149773
428132  6149216
428191  6148658
428250  6148100
428310  6147543
428454  6151447
428513  6150889
428573  6150331
428632  6149773
428692  6149216
428751  6148658
428811  6148100
428870  6147543
429014  6151447
429074  6150889
429133  6150331
429193  6149773
429252  6149216
429312  6148658
429371  6148100
429431  6147543
